6
0 0 0
100 100 100
5 64 23
73 97 36
61 43 11
37 35 97
59 63 84
36 55 81
6
0 0 0
100 100 100
87 71 98
10 17 66
13 14 3
14 44 47
22 65 97
51 70 31
6
0 0 0
100 100 100
70 9 62
92 17 19
88 97 3
30 9 10
22 6 6
79 76 96
6
0 0 0
100 100 100
22 17 96
12 58 92
6 54 69
79 4 13
58 26 33
38 95 97
6
0 0 0
100 100 100
91 91 23
20 23 48
94 95 13
59 64 19
83 15 86
74 52 58
6
0 0 0
100 100 100
12 61 85
62 24 3
67 36 49
64 86 92
32 89 83
60 54 49
6
0 0 0
100 100 100
88 19 18
51 10 62
76 34 55
51 30 86
42 17 62
8 71 46
6
0 0 0
100 100 100
92 29 94
37 52 34
78 41 31
67 68 13
27 93 70
90 97 30
6
0 0 0
100 100 100
10 67 91
20 7 85
20 26 49
78 61 43
37 77 7
94 23 52
6
0 0 0
100 100 100
12 51 74
71 90 37
59 3 86
95 38 94
71 25 43
42 85 29
0
